2190
2194
1261
757
2226
1042
1158
1297
1678
2058
1962
905
1338
1485
612
942
1596
673
1946
1524
723
677
997
1861
2199
1744
2028
1456
1781
713
622
2173
2136
2110
1766
1385
1384
2117
759
1256
1429
733
2395
763
559
2301
1823
1776
654
727
1287
2224
1807
1656
871
1496
713
2295
2008
2500
707
1832
1208
1967
1899
1324
1030
2383
1168
2500
2378
866
1703
1310
1659
826
876
1061
1733
1008
2500
1699
2418
839
1105
1927
1759
1123
1234
639
2443
2407
2012
1021
1705
1677
1807
772
813
627
1047
1911
2404
2007
2248
853
1821
1830
845
778
1401
2214
1857
1694
2157
1963
2279
1549
586
1235
1212
941
2138
2273
890
2087
1634
1157
2084
1013
2391
1404
2245
994
1898
2500
1023
2357
2291
1142
860
2175
646
796
975
1632
707
908
2122
1799
1790
2281
1713
1383
2379
1665
891
2396
1783
2185
1233
2128
2500
1652
932
1537
1836
1943
1579
2365
915
1854
2010
1639
2210
1398
979
781
983
1292
647
948
1398
699
1213
2059
1997
1370
705
990
2500
2086
2376
2500
1057
1834
886
1575
1451
718
754
731
1923
1568
2500
2146
1536
1754
836
1562
1166
1812
803
2272
527
2154
1704
797
1370
1778
1775
1759
2051
1041
876
984
2453
2282
1956
831
1994
2200
1412
2364
2500
2263
1077
2389
1058
1568
2272
1711
1176
1004
2500
1793
816
2329
762
1457
2013
1380
1474
2500
2382
1627
1318
731
2080
1027
1870
537
2464
1704
709
847
2061
780
2382
2100
886
1221
2485
1234
2345
1296
2084
2006
2217
1330
846
1415
2500
1277
832
1028
1375
1656
686
1131
955
1661
2396
1968
1775
2073
1419
805
1349
2500
595
703
1678
1326
1027
1267
2023
1646
1912
2160
2214
1503
644
1074
1831
1668
1720
2360
2412
1427
1659
753
1027
1869
2120
2266
1025
1108
1812
977
1787
801
1833
2207
2367
1772
2313
1604
1810
1251
1911
1616
682
1004
2411
685
1518
1609
1958
2307
1432
810
808
804
1327
1806
861
831
1552
2238
2300
2184
1618
1442
1251
2500
1514
2367
1494
1259
1568
1772
963
2418
674
2106
1132
2500
1277
1727
1362
1007
2090
813
2083
1054
808
1300
2112
1059
2134
2255
1908
790
1352
704
1834
2077
830
2500
716
2392
1704
1829
1274
2176
2231
1835
2117
2276
1827
1470
1162
2366
1524
1725
1604
1633
1618
1290
1630
920
1969
1460
1598
1348
1858
774
770
841
1939
1635
874
2264
1638
2272
1408
943
971
2283
1269
805
1672
1327
953
2439
1355
982
1022
1466
2275
1683
2500
1966
1170
1124
1576
1500
1723
1859
1560
1899
1304
1291
2500
1880
717
1260
1472
951
1584
1679
1752
953
2440
1991
1111
1789
2500
816
2238
1213
1392
2178
2480
1585
2039
1977
839
2312
1925
2029
2021
1447
1086
1399
748
2047
679
588
1405
1748
1957
2189
2142
892
704
1907
757
1549
1643
761
2219
1679
1715
920
762
2500
2249
2191
1136
1521
1482
2500
1968
1505
2004
2334
2414
2005
1360
2356
1807
944
584
1366
2221
941
1461
921
2159
2373
1668
1295
1590
709
1635
2500
1072
2480
2012
1655
2257
2283
1703
822
2383
1012
653
2079
958
1989
1157
1054
1229
2145
1143
2500
1002
1776
701
2480
1864
845
2489
1838
2348
1525
1264
2348
984
650
1948
1312
2397
911
956
2145
2412
2244
2180
2500
2319
2226
2500
1776
1616
1140
2397
2142
1472
946
1461
1118
1016
2062
2065
1396
2205
2188
879
2429
751
2500
2227
1994
2382
1786
2500
2273
1171
951
1528
1410
1886
1867
2384
1752
1228
1378
2047
2072
1934
1452
642
1826
1007
2500
1169
1431
1895
1979
2500
1544
757
1833
609
1049
1617
1025
756
2247
2426
1178
926
1906
1362
760
2162
1545
1037
1027
707
2351
1404
2021
2349
2200
1259
2452
2106
671
1396
864
635
2043
2146
2080
2021
1312
1323
1940
1072
919
1177
756
1674
1951
1778
2385
1278
1545
998
1755
1560
1903
1677
870
1779
975
1591
1022
2020
1066
773
752
2069
2325
722
644
1567
950
1681
2072
2493
982
1286
2428
1078
1884
721
1567
1079
1628
2300
1325
1684
902
2447
2438
2500
2207
1204
2112
1707
1596
2339
2500
652
1671
1087
1652
1330
1486
2371
1934
598
2479
2500
1427
2066
674
1034
669
836
593
1700
1157
1358
1738
986
2500
2052
2332
1719
1675
2200
964
697
1896
2028
785
899
2259
1006
2133
2170
1634
2312
1613
2086
1221
2056
1863
682
802
648
2500
1129
1745
1947
2126
1211
1047
1441
1969
928
1661
2392
1378
1014
2360
863
1681
2062
1305
1667
1548
1397
1711
1439
1137
1741
2166
665
1974
1995
2429
997
1554
881
2341
1275
2406
2458
2497
862
1156
1574
2408
1917
1483
749
888
2500
2465
1688
850
2023
2500
1226
2190
2124
913
835
2412
2444
1677
875
1244
2083
945
789
1666
1491
989
683
1400
1133
1019
2054
1995
2500
802
1177
2073
1269
1050
1338
2427
1558
951
1387
822
1005
1368
942
1067
2125
1285
1966
717
1443
1415
849
1834
682
963
1721
2243
2328
917
1148
1978
2054
1812
1388
1741
1737
1147
1533
2179
524
1688
2431
1491
1031
2395
2112
1167
1851
680
1447
2114
1064
670
1402
2195
2130
2480
704
2074
649
2086
798
678
2074
2193
2157
1898
1691
665
2500
2465
702
1862
1939
1912
931
1397
1097
938
2500
1064
1509
2373
1051
2288
1471
1746
1220
1702
2500
2275
1290
1368
1794
2212
2365
1887
2379
1967
2500
2500
976
2228
2434
695
1002
2124
1720
2418
2278
586
2309
2451
1197
776
2311
758
1343
1050
1019
1927
1036
1167
1819
2291
1974
2324
636
2386
1981
1834
1899
626
1830
840
1617
2500
